413520
413632
413640
413644
413652
413656
413664
413672
413676
413684
413688
413696
413700
413708
413712
413720
413728
413732
413740
413744
413752
413756
413764
413768
413776
413780
413784
413784
413784
413784
413784
413784
413784
413784
413784
413784
413784
413784
413784
413784
413784
413784
413784
413784
413784
413784
413784
413784
413784
413784
413784
413784
413784
413784
413784
413784
413784
413784
413784
413784
413784
413784
413784
413784
413784
413784
413784
413784
413784
413784
413784
413784
413784
413784
413784
413784
413784
413784
413784
413784
413784
413784
413784
413784
413784
413784
413784
413784
413784
413784
413784
413783
413783
413783
413784
413783
413784
413783
413784
413784
413784
413783
413784
413783
413784
413784
413784
413784
413783
413784
413784
413784
413784
413783
413783
413784
413783
413783
413784
413784
413784
413784
413783
413784
413783
413784
413784
